547 249
211 476
555 264
91 183
683 473
537 428
73 347
665 137
10 74
583 20
138 283
610 121
311 429
528 357
420 294
1 3
447 248
257 68
220 241
647 495
539 432
120 141
394 42
630 314
694 242
513 180
505 264
378 63
404 9
404 0
87 128
132 65
559 319
642 238
687 28
32 465
624 402
497 348
542 138
587 75
460 21
187 275
461 176
360 421
424 349
107 468
25 204
89 132
662 431
7 368
71 296
116 86
34 469
626 259
671 196
589 79
125 351
189 279
81 216
654 15
699 452
280 161
153 107
45 44
281 316
326 253
199 199
308 417
200 354
500 54
545 491
610 427
655 364
528 310
592 91
109 19
173 447
409 219
492 138
537 428
238 383
455 311
392 38
520 394
228 157
674 49
229 312
293 240
357 21
593 440
364 282
583 20
365 131
257 68
474 349
538 277
475 4
30 414
94 195
120 141
675 251
467 88
476 353
95 44
233 367
361 76
470 294
197 195
53 460
98 250
162 178
417 88
590 234
190 434
236 26
536 226
72 498
245 144
691 36
227 308
355 164
273 400
318 337
382 118
427 55
246 493
119 439
374 202
419 139
502 58
375 357
401 303
293 240
147 195
192 485
618 37
319 492
173 300
27 255
428 210
301 156
174 455
28 410
582 365
283 320
137 128
10 74
583 20
437 475
138 283
164 229
565 184
438 130
674 402
38 330
592 285
465 84
529 12
593 440
447 248
320 194
365 131
448 403
493 340
366 286
239 232
93 40
157 468
202 405
75 204
648 150
502 105
375 51
458 323
694 242
58 170
103 460
167 388
422 151
448 97
149 52
385 324
414 235
205 417
422 345
486 273
550 54
423 0
468 437
532 218
577 155
450 101
323 47
196 346
50 301
642 238
687 28
541 483
605 411
478 357
