458 253
440 181
504 109
568 390
441 336
295 291
160 174
33 120
205 111
587 75
651 3
187 275
79 212
697 439
615 331
488 130
552 58
597 495
680 267
452 105
688 377
463 33
317 488
235 371
662 125
45 44
27 208
282 471
372 345
436 126
481 63
373 0
437 281
355 164
400 454
445 391
173 447
65 237
282 165
73 347
137 275
29 65
583 20
456 466
438 130
592 285
675 204
446 46
237 228
473 147
518 437
582 365
455 311
156 119
10 74
583 20
628 457
374 202
292 438
337 375
210 321
293 93
510 21
192 485
65 431
683 167
620 394
175 304
239 232
303 13
329 459
393 387
94 195
648 150
693 87
585 24
102 305
357 215
367 135
259 425
158 317
241 89
458 17
541 436
58 217
650 154
14 82
59 372
314 282
550 54
595 491
341 236
405 164
469 92
387 328
432 265
560 474
115 384
688 183
205 111
269 39
352 311
378 257
461 176
506 457
42 385
634 322
679 112
24 49
616 486
324 249
407 168
471 449
608 70
316 333
590 234
635 24
680 461
553 407
344 89
644 289
390 181
372 345
691 36
246 299
291 236
355 164
419 445
464 382
0 301
637 28
173 447
237 228
282 165
556 419
92 338
156 266
564 29
628 448
692 238
565 184
101 103
401 303
656 213
192 485
109 19
192 291
409 219
301 156
200 401
264 329
691 83
55 11
138 283
692 238
419 139
502 411
229 312
465 84
1 3
84 422
492 185
556 113
474 349
411 223
303 13
348 450
221 396
120 141
76 359
503 260
376 206
230 14
103 460
657 415
530 361
422 151
276 106
149 52
194 489
595 297
640 234
513 180
367 135
240 434
113 380
177 308
222 98
286 26
331 463
223 253
268 190
122 145
695 91
568 390
441 336
295 291
359 72
232 18
86 473
659 419
414 429
287 375
688 183
224 102
78 57
651 3
352 311
378 257
633 167
697 448
42 385
443 331
507 121
24 49
425 4
279 459
152 258
216 186
452 105
153 413
7 368
561 323
226 106
99 405
90 334
135 271
199 199
600 7
645 444
499 399
372 345
73 153
627 108
481 63
373 0
418 290
482 218
355 164
228 463
455 311
11 229
565 184
438 130
311 76
165 384
210 321
465 231
548 3
574 449
510 327
364 282
237 228
110 174
664 482
518 437
410 374
283 320
137 128
10 74
392 38
437 475
329 265
355 211
56 166
629 112
311 429
356 366
229 312
102 258
656 66
529 12
383 467
447 248
301 203
2 158
47 95
620 394
175 304
220 241
93 40
693 87
566 33
267 341
503 260
548 197
249 5
294 442
167 388
403 160
385 324
258 270
322 198
367 135
240 434
285 371
177 308
241 89
286 26
331 463
223 253
459 172
14 82
422 345
687 28
32 465
605 411
624 402
497 348
542 138
606 66
479 12
524 302
334 169
398 97
462 378
526 306
571 243
590 234
463 33
680 461
572 398
445 197
471 143
26 53
109 325
135 271
8 217
600 7
117 435
690 381
54 162
627 108
163 27
418 290
291 236
355 164
228 463
445 391
337 328
210 127
236 73
128 10
192 438
65 237
91 183
9 419
92 338
691 83
583 20
329 265
374 202
610 121
674 402
210 321
274 102
319 39
211 476
447 248
492 185
384 122
429 59
684 322
411 223
647 495
539 432
629 159
184 69
458 323
185 224
230 14
294 442
339 379
85 124
321 43
385 324
640 234
176 153
259 425
487 428
532 218
450 101
5 364
69 292
305 211
541 483
605 411
497 348
542 138
697 448
570 394
443 340
316 139
533 67
406 13
279 459
324 249
197 195
280 114
7 368
243 287
307 68
352 5
607 415
334 169
589 79
335 324
399 252
635 24
680 461
254 215
172 98
408 370
644 280
8 217
358 370
231 169
639 79
576 306
112 225
176 153
94 389
349 299
222 98
267 35
350 454
223 253
268 190
122 145
695 91
59 372
632 318
505 264
378 63
404 9
468 437
341 236
214 182
87 128
660 74
196 346
241 283
114 229
687 28
32 465
96 393
669 192
14 129
97 48
152 258
25 204
70 141
643 440
688 377
71 296
644 95
689 32
225 451
308 223
353 160
589 79
327 408
563 327
118 90
354 9
401 109
427 55
319 492
364 282
409 219
473 147
365 437
484 222
383 467
319 492
536 273
301 156
537 428
601 356
137 128
373 47
437 475
501 256
56 166
101 103
165 384
210 321
83 267
319 39
192 485
65 431
657 221
365 131
257 68
257 68
302 358
347 295
220 241
411 223
475 4
