100 100
100 110
100 120
100 130
100 140
100 150
100 160
100 170
100 180
100 190
100 200
100 210
100 220
100 230
100 240
100 250
100 260
100 270
100 280
100 290
111 100
111 110
111 120
111 130
111 140
111 150
111 160
111 170
111 180
111 190
111 200
111 210
111 220
111 230
111 240
111 250
111 260
111 270
111 280
111 290
122 100
122 110
122 120
122 130
122 140
122 150
122 160
122 170
122 180
122 190
122 200
122 210
122 220
122 230
122 240
122 250
122 260
122 270
122 280
122 290
133 100
133 110
133 120
133 130
133 140
133 150
133 160
133 170
133 180
133 190
133 200
133 210
133 220
133 230
133 240
133 250
133 260
133 270
133 280
133 290
144 100
144 110
144 120
144 130
144 140
144 150
144 160
144 170
144 180
144 190
144 200
144 210
144 220
144 230
144 240
144 250
144 260
144 270
144 280
144 290
155 100
155 110
155 120
155 130
155 140
155 150
155 160
155 170
155 180
155 190
155 200
155 210
155 220
155 230
155 240
155 250
155 260
155 270
155 280
155 290
166 100
166 110
166 120
166 130
166 140
166 150
166 160
166 170
166 180
166 190
166 200
166 210
166 220
166 230
166 240
166 250
166 260
166 270
166 280
166 290
177 100
177 110
177 120
177 130
177 140
177 150
177 160
177 170
177 180
177 190
177 200
177 210
177 220
177 230
177 240
177 250
177 260
177 270
177 280
177 290
188 100
188 110
188 120
188 130
188 140
188 150
188 160
188 170
188 180
188 190
188 200
188 210
188 220
188 230
188 240
188 250
188 260
188 270
188 280
188 290
199 100
199 110
199 120
199 130
199 140
199 150
199 160
199 170
199 180
199 190
199 200
199 210
199 220
199 230
199 240
199 250
199 260
199 270
199 280
199 290
210 100
210 110
210 120
210 130
210 140
210 150
210 160
210 170
210 180
210 190
210 200
210 210
210 220
210 230
210 240
210 250
210 260
210 270
210 280
210 290
221 100
221 110
221 120
221 130
221 140
221 150
221 160
221 170
221 180
221 190
221 200
221 210
221 220
221 230
221 240
221 250
221 260
221 270
221 280
221 290
232 100
232 110
232 120
232 130
232 140
232 150
232 160
232 170
232 180
232 190
232 200
232 210
232 220
232 230
232 240
232 250
232 260
232 270
232 280
232 290
243 100
243 110
243 120
243 130
243 140
243 150
243 160
243 170
243 180
243 190
243 200
243 210
243 220
243 230
243 240
243 250
243 260
243 270
243 280
243 290
254 100
254 110
254 120
254 130
254 140
254 150
254 160
254 170
254 180
254 190
254 200
254 210
254 220
254 230
254 240
254 250
254 260
254 270
254 280
254 290
265 100
265 110
265 120
265 130
265 140
265 150
265 160
265 170
265 180
265 190
265 200
265 210
265 220
265 230
265 240
265 250
265 260
265 270
265 280
265 290
276 100
276 110
276 120
276 130
276 140
276 150
276 160
276 170
276 180
276 190
276 200
276 210
276 220
276 230
276 240
276 250
276 260
276 270
276 280
276 290
287 100
287 110
287 120
287 130
287 140
287 150
287 160
287 170
287 180
287 190
287 200
287 210
287 220
287 230
287 240
287 250
287 260
287 270
287 280
287 290
298 100
298 110
298 120
298 130
298 140
298 150
298 160
298 170
298 180
298 190
298 200
298 210
298 220
298 230
298 240
298 250
298 260
298 270
298 280
298 290
309 100
309 110
309 120
309 130
309 140
309 150
309 160
309 170
309 180
309 190
309 200
309 210
309 220
309 230
309 240
309 250
309 260
309 270
309 280
309 290
